start=1965.360000
speed=1.200000
pause=yes
volume=98.000000
