start=6494.392542
volume=96.000000
