start=528.358000
speed=2.000000
pause=yes
