start=2043.080000
speed=1.600000
volume=98.000000
