start=531.113922
volume=96.000000
