start=2555.803000
volume=98.000000
