start=3816.533333
speed=2.000000
volume=98.000000
