start=11.463222
volume=94.000000
