start=1994.240000
speed=1.200000
volume=98.000000
