start=2548.087000
volume=98.000000
fullscreen=yes
sid=3
sub-delay=7.699995
