start=3994.080000
speed=1.900000
