start=3674.500000
speed=2.000000
volume=98.000000
