start=2736.033000
speed=1.700000
