start=54.920000
speed=2.000000
pause=yes
