start=3073.336933
speed=2.100000
