start=5701.849600
volume=86.000000
