start=3371.266667
speed=1.900000
volume=98.000000
sub-visibility=no
