start=1060.325933
pause=yes
volume=94.000000
sid=no
sub-pos=88
