start=1171.120000
speed=1.300000
pause=yes
volume=86.000000
