start=6.109600
volume=98.000000
