start=1808.348000
fullscreen=yes
sub-delay=7.099996
