start=4160.480000
speed=2.000000
