start=3004.960000
speed=1.300000
volume=98.000000
