start=2084.720000
speed=1.600000
