start=2745.409000
fullscreen=yes
sid=3
sub-delay=5.399997
sub-pos=94
