start=42.475767
speed=1.600000
pause=yes
