start=2.336000
pause=yes
volume=98.000000
