start=2906.437906
speed=2.000000
