start=5456.661000
volume=130.000000
fullscreen=yes
