start=2557.221000
volume=98.000000
