start=1662.320000
speed=1.500000
