start=215.915700
volume=78.000000
