start=421.520000
speed=1.300000
fullscreen=yes
