start=8319.444444
volume=80.000000
