start=39.080000
speed=1.700000
