start=5170.681932
volume=130.000000
