start=14.135851
volume=52.000000
