start=728.560000
speed=1.500000
