start=1999.566667
speed=1.900000
volume=96.000000
