start=4980.767458
volume=62.000000
fullscreen=yes
