start=7539.156625
volume=64.000000
fullscreen=yes
