start=627.593633
speed=1.200000
pause=yes
volume=94.000000
aid=1
