start=1791.299955
speed=2.000000
pause=yes
