start=1070.685800
speed=1.200000
pause=yes
volume=96.000000
