start=1231.800000
speed=1.500000
pause=yes
