start=5506.834667
pause=yes
volume=124.000000
sid=1
