start=353.200000
pause=yes
volume=72.000000
