start=3910.542000
pause=yes
volume=82.000000
