start=1122.521400
volume=76.000000
sid=no
