start=1790.000000
speed=1.600000
