start=2617.666667
pause=yes
volume=96.000000
