start=197.080000
speed=1.700000
volume=80.000000
