start=1729.400000
speed=1.600000
volume=98.000000
fullscreen=yes
