start=1171.880000
speed=1.500000
volume=92.000000
