start=3698.793922
speed=1.800000
volume=96.000000
