start=4393.155433
speed=1.500000
